$ANSIBLE_VAULT;1.1;AES256
36366534313732633966613961613364643763663764316433653535636463363364623961626664
3265646335343439663862373163326431376262306631310a643538663331373632323964623934
62313466343230373136656261663264663834346332303939623565303831393234643436383361
6265333763613330350a346162383861376638666534306130316162363733313037346662636233
61383663383539316430323337656137633839333231646436313632306132396331353032383531
65306564613465383164316239396334353465613865613630303230373639373963663934656231
33393234663730643034383838626533363235346666313962653636373037383633396161663462
38333161306237333866623861326531333031363639616230373462303662343234313233363935
39373434366435373366643866623339333662353161383030393836323435393835646134303735
36366436313332613766636233303061396531646132333836633139656465323464653661643035
61333635326131363532376539323033353966333133383233323931333832303263643930613135
32346532316262303333663964386438353836653462373965386433653838616336393031653030
63626139336639303365633233356332333266366438366237346137336630393630356238343434
37656537363166363434373034313231633933376334663064316139643961623564633238383063
36336338376336393463303032383066396239373532666364636139373562613835393235363637
66626231626663323165656663306534303035393766363236306533373939626635656631396661
35303231313237653335346565653337303631336638373637653930306533623337636563393335
66343238343039646433626261303138616562336461663637653862656430383439616139323530
62303938373937343463626464393661323034363135316139313662613362376437623565663138
31316533333333653430323131373734303263613137663438376233373639346333636364666631
36323536373232623830623064323565306336393733323438623736386132306161353664323963
38303439323337316665636636383962613133383432326634383730383937383064356461656437
31653132656261303030646464333836366561363534336239363462666138643235383938386134
32633531306261333966636239613633663336383337383734656534363263613536313336346539
35616635376465343339616239383237343134316239666163626531336364363734306632313730
34326132343666613030323264643435616432623332656536383437623730336539396362623337
61626436383035363164396466376662356631363132393364343430643638316465376530626562
32646633663266626538373065393662326532376337396131383738356465616236353135333661
62383335356166663162373135383930353238613430653931306234663636653531323531663137
62663664323536346139653430646663393965343164666632666639323431343433383366623765
65353235623831393231353736653536343761643132646235656630346337326564623765323638
38653937366130323633356162666663356366643564373762333634653437616263643862343036
39306135386538646663336536393935396136656136626562356566313633663933613733383331
34633736666233353433303562383561333964633265393663396134653439653666656134386163
39346666316465376339326562366133653165663634326334343264626465643437646662653735
34383531373931336638373834326637653737373438313730316238346633626339643266373039
36373564633061666665353530396466336165626662396536356138333431386136626566643732
34653238396364363138366366333539653931613938386134663766316530376138346561626239
36666338643764623930353663633264353166663138613031616361376134313836326664323865
34353437353461626465396132373262626339623262636231323137393933353465306532396536
35623332386165626436656661326635356362336633336535363638316237353033333165323861
33326538633831376330373266323734636339663737633330666236643837646136636230636337
66393065303335353262373034653333633539643735646531656535373064326161636139346262
62613032343935333262393266663339663731343462336330396362323063353665346230663861
64326164613638333366353932343664393431383234626265616366663463643164313263626534
30316139613338643866396437353034366234646437356462313764333134363536643930643437
64356633363839666639633537626539313735636539376663303863376164656332386132373737
38643831336637363661623530393332353233356564616363623761306364623165616533323932
36313034633536306333353566346330663135646432353134373463323639646135623566393463
38643463313463663465646330636137386566393730306466333166343030396338303235336164
30613534616632613835643038363231376134396639386632613261616334643338323730666362
64363766343434656233366430346138393666313364356433336337633633623961643362306631
61373864313535336637653638303736303936646465633230303032656536343961656437373865
31386239613135363437626334353263613237393432383966313635333464316639653835623031
30336165363265313164373331393261303435363062613266616131396638323662363434376564
34383063393866653738626365303437653037653931306434396666336362613331646162333463
30383334646539303836363865346136306135363564323266353732646632663961616538383163
35313766636134356662653237613564663138613738623835353466313935316235326465666364
35396537666537636139656262363837363336386238366332376361393437643130636565393938
32393662663737623037393532366565323564393566643739366238343661313937643730336539
31353061656438653764663564623862386438336238636336653531613632653762353436373764
65363339666531343535633633633964343233636630316466666138363366663636323530373239
33353165383535626633316336366566353664366133656236356430666636343336393533386461
31663161643839613333613831626537386165353839346265356137613762313136373131626563
35613633386239646661396430363331393433396661636665666533653262633634393462376463
33356637353433623438643265623166356362663936653266333463316534376131383335623732
34386636353434613564656433323266643661666461323430376463313433636666663539623036
33333764386234663637396164303164643262366332633035363561353037343730616135633738
39346665633964363333366438636436383933316161356663386364373135636463393161653136
66636639363661343936326330643963313739303732383237333465626430353036626565373266
31653662313134346465313933336532633131356162346634303261656132313663653635656461
30643364326239656638376434393939306430303261313331653161346563383730356435383132
64393561316338643337376461343934623862613462363236636363396564346433366263636164
36363334356138623864326466643535316434393833373233323861376363636163363334346433
35346636636533393636633232363330643164616132393564343438353632663837633034326433
38353831633934316135383064303530643736366462306662363933306563326163316262383936
64393166333031373339353639303130313538373534306663393963343539323563653961343235
61333230373064343830333939373037626238353565636635663732343961356462336238396235
39333131366337643933343631396435383161656535353536303130633136383536636236633838
33653937353839616431656236316133626235393835323965636236656136393936346530376533
38393762653162323134636134626137333833353439363166633332636239336639313432663663
34643134633561663030383631666666623238363366613865626163636331393234316566366337
39396531373365333533396337343137633563373931653666613631613735653464363762363838
64383164346139623736333665386666626433313130343632623363393430653635313430373133
36396336643038633134363864613735303265316431386664613232653663653034336336383536
31666138633030383238376331323065616566636339303231326364346432633565353266646332
63616131663539353833383364623138666662646436663231353433663030393631343030623166
64616430636661306664623763343163633030316664333637366264613434363534373633636438
38323333346633396365396533353766633366353930353165326335653963653435656362346361
39633833623335643539326631623036653261306433666565333731616338626130343838376163
38313136656461626432636365376532373935313837353763656539326339336331653632373330
39376437633632373535376362656263633963623330303762643566333666353930333332306663
33646535346430663762306431396135653835396139336132366137323637353163303232623266
66366466636430373464653361663935346136333766633538633666666566656430323133353232
37303333333332643165613565633665373461383562663337343639313834646534666261643432
61633065663261623937386637306231636132653537663139396635356361393332313431373561
37613436316537363739386537363565396137356532353037363863373430366337353435326135
37343037656339386336346630376337383866316162613335663430613830353265376538363264
66323134356563396536316332393539333862323466393530613465663735613531333063366336
30373936616134353532613234353336326134333462303766393839366231373434633631333638
66396338313835393731363537656233643135336330386164613332663762376461376538393931
61366661346539343037303332626638343836373636653166663738306536336635393533656337
61653163646166626138373039313562333961323935306433306338343331353131383830303961
39613865363037353366373539343339323165653638356461653963366261346436373566663435
65363636643430666230373837343731623764626537303631376139373734663662363036333238
63396539316131656132363330366639373161623063666237303435626664353032623761663039
62376230363961646539643330303435643533356239303565376131313638383865343463326332
65623463643462666163613738363236366263363638633537343433306461373266326335646362
62343237363239313535333364343936346332623639653632323665363836623133393532366264
62666334633638646334373862613537373736306635396666646562313232663930303739386139
30653339336636663237326630613834373638356564636135626437393639393964313637623765
64346337363535623964326338376638653531343835643663336638626533363539663830316463
30346636343137333836666633383464653134333132323764666662653737613133653862396335
65333136313033306437353561636138663437333531613937303934393265343939333038633934
32666464633866333862376338393939656362303635656431316161646362666534613434366363
38343733373635636131643530623965653033386332633138636637396139356538326261373632
37646262643234393536323162653632626261653537356365393239386366333532363064303439
66663831386335333934343332646664323036356432646539653230393435346336656666343433
65393334646338336366333033666463383632396562376335316634343833613337313733366637
37343363396533623362323735356665303238623666393136333366363833303336636162393337
61656239336230333233343764656336353464313831303332326433623330663962376234366130
39646135343639373334313039303630643636383163643836613638343133666338336235373365
65386530623062373366633864393965616639393734613133396338393262636336393663306261
37396364633136653361363131653131306664643364346234303235323631613132323963343936
34363463383933393861656561303338643365636635313336316636336338366536373963313463
37376631613236663135313861316531303731313166373462626164656564343662623564643035
33613462363962633433303639663366313639653766353130313563396535623964343362656330
64646464346161303331343436623039356430386137376566643033656463373065666564616164
37323030643431616436386333366466613733303236646338653032626131363137633238336366
31343438333534313338303561643233623632656265633935343735306664333839623237646335
62326264383362323762636637363964626433356564346635643235636530313162613839363838
33353334326136623465326639363531613032623063656337653939393837356338316532323033
34633064646337343138396233333631626230666335323231646135383263383866326165316333
39303764663166386631633339646139353636653034643966663033663239663962383433646131
65643534336534613630386264383061383862363264623963343332633264396337313930323035
32306137396262323538323835356266613438376266653833316166643365393965353265643134
30363066623932656630636166656437663735393032333635323463656463376461613937616465
37376565666461303932313134363963393232383463393530366231376438316339663332336465
63383463383437376566376163653630343230363866396433313236303132653431313864363639
31666332626436323233366134343231656166383539386531643636313330306562396632613065
39386534626433303835646634363139653634323332393337613930356132613337613163643663
34313030393739326233373836646136333934626165613365333061313737316532633864313338
64643031626330376537393664623662346332646637373838646130646432656333353139373039
62316434396131626334306566386338396133656163386163313239313765656463666138616637
39663331613432313638356339376432363765653836396636653831376230306165623339323432
66333635653732316433623639353864313162636561393038333264633033643838396566393935
65386333323530343737653264323237613331346634326431333936313037643935383931383539
61393063643863346432636366623734343762666634373837663930346239383862333162313236
32336137306439353432343639666665616266393364333534613735613039616633363563623034
31326434633339313334303665336332623162353032366663343963366338333761303436393938
34636264376330386330343135626363396161666430643939393635353663653030396533343837
36616562373839313764646531613839383733346336643761623935643062313966316531333333
31386634623466353634333134303738303933646562356635316565363565643865383964653033
38346630396338326539373764653933613531393131363739393531323564663730623330623466
61346465626631366464356431343365333833343063343965346231303462336364343836633231
65313632393133383039313538396538323833313430323135623163613034393865666536373761
34313363393066613264353236353664613331653961376538363065643861346638613236346139
33323139323737396239623334366261653133623233376264333139616233323739633963666665
66396238626534383834343430393134656638383230363730613238306330633538323966396332
64316234353336356531636139343230643331656164316539633533393964316166313262353564
63303066353866393637613036363037386364343736353230326533373731333033393161373231
39636161656437663037373333613865396335376564376638626232313132663932316639313130
63623533393135643862323039653464306363326164333766663066366236393036363963323539
36666137646261626432356262306563366538353636653033653631303834633964303963313633
38623134386463393733313765353966386161323231383735636162616438616165663036626139
62383964313431326432653038346530643466616137623832613133343865656463346536373837
32363135633466383664343862653863333761313534323137633631613235623862393832366166
38653762396636663635396138386234656331316637303264643232396438393130376262323365
30373130616363626164613235306530386239333230323838306132613438363830333633353163
31643735343463333566333833616236363335643435366265376539616336623761376239376437
65313333636466653765396330666130326532323830353564613330626565636238633561326430
34373236363032366664303935373835346565656330343830336633653136323364333764306136
37393163363963303237663438363135383064646263323534356132653532646632626130343438
66663235626164323233376133373438613234643636613366303764643964356563383665396366
66633936353236316237313238306331383937323738363865396466656237663735656438663263
33396230373939613532663536653232613131393237623031623434333931386234313734363535
33353534303664323231636263333563666338656163303562333965333338313936313538643132
63323633346664323062306362623635653066383930356165666434366532313966343464653966
63303739313430643763383866636639336434613837393836363134343339636636623961373437
39353137323663303865356532666161323837353031343438343264363230626235656432383864
64393463313734646163363933303336333336663333626239646432623137636638646263663430
63326531613232333865393230633866343532313933343366666434623064303337613436363363
37653666346461663635306630346434613765336436373562353538323436306134613464636465
32373562656634656530383339343138666132643861303633383762623635623638643835363266
33323539613233363530363836353836653964313434303833353832376331363463313133663935
33386564393866313963303736336161633363646138633938343639343639346236363763356331
30643936623433616162643964646166366264623736396333353362613265666436323937353339
66353661323463393661616465336631383465336361613432323766346532623966646339653837
64613530333266623165306136383839656461356536376165383034373664643963303762363732
30373865653862313736643162663136333131643663393535393738623636383236626132366333
31646538343538396266643133656434343665633037666165393362303831346535316139626330
66366631623637313935613462353163653166396132313434376631326362356565383034306165
34346434323564343063353361373764383030363335653939633064336365333363303036386233
62653566363433663461393962386462623063653436666632633862323063363736366363656535
65613638363466646635336164386264626434363062323065396433643639633930303961616239
35646132616133393266323861386130613564393863346461373336646537643461663639353364
63656662643064323164393537383337656365663935653035626364663635653964643164626630
37376134323437646266323930323432633939323662646131306434356134303064343036656266
65323937363838666464363137323038366336363764616466633636323663353066666363363862
64666331326532306130343035396662623861633838613666653336396239396163323434656464
39373366306366653065343035636564393534303133626136333931636362623962353030353339
39646633643736333363326434393235333963323032366666396266383537633334316632363362
61323563636531396338633138363032653831613335653535666262376630373732653965383933
65643262333263663031363832666137306531356364356136386535373636333531313132656436
66393731333039666665373764353932343930653964646332356264303938356538666633393734
39306132333639613830663462643631663934353731316431633438646639623231353032343031
36353230623033303461306137316338663835326566393661343534383138623530316163396438
31636533373434383836363537386336366631626465646461643361396432303938646263633934
33386330326130333035613464316635633365386166333734356334376131396439313961323830
38663964326435613032383163623331323536363464393132393362623136643931306435643931
63663163353334616533343265303463303964633834633130313431363630363965346638353762
38643334366263393532643030303533326330373632306263636139646231346464643539326261
33386637653939623835623866333438666466323263323732316138303065373937613365613432
34353664303964613462363830366233373264316534373336333432653961386138323338343665
61653766633865613061383930303161656637366233373666613836393934353230313566313339
66623033356339633139333962353235383930376461333334383763323864613531623036373835
63353238666635623161653234626339376137383065653135643662666337356137646666323564
36353963306130303638636131313239333036326436303834396332643230366266303665353061
35313937653366623762656664373038323732356663636361373130383564323239633466366336
35386562363334353232666165643833636235653038346137383162306634383064306636386562
37366431336137616635633061376231656631376635346661343633376339613836613334336166
31643436643137613066383465396265666530653137393636316561643037656638666565376661
34343739643434633633376636323432666264666461346165643138363061396639643239373664
61336564313537653865656338346137613662323264613538333036323866323735313630613866
32643362633432303833663565313065643361383135663830353237326161663733373637373963
66343165313837653533393237626237623264636533616635383036346363653838316535346464
33356532363232613037643735633539346364646265643436653037346639313733393631346664
61366434353838363833316566376139376335623938346239373239313166646537356635653339
35666466623932326663633137373734633961313366303330613337383336313239343836633566
64343237333333333564323339346633346232613435346534663439383637616530353166383935
35646238663334633334396562366630313635646464366166326661656537383939663437663536
32643234623661666230613866663361363961333836656133353537316337376337393762376230
64336436646431336633336630323038663563353436363137393865353061646562323032336262
39643864366334323062343235323237336466393535346435656639323433303832656466353666
33386233373937313466393030393436643632373739343130393835343033363635623236663062
30333832643335303764316465653963646334323537626661313866336336303631313630353966
64313466623631353763363630316437316537333439613761326238343964346136393932623833
62373436663565323864306637373236626163346430626238623962616539623036326635643439
32313639643230383439376437353566393966326533376366646230373831643435653539653734
64373566383064666462316239323936363230613532383765303861376266386665306438643330
65393736663261646432333034613238376661646531323734613735613133616337326664356265
33363363396262636631616636623335663338316162353632353364386263366132353936653635
33663231396239633930626339376131316564653039373532633630623633393264393566373362
38616665393564366335323530656161663737373062363936343064646537343366393733346337
32313630306264633631626438666463653131663730653961643331383364323236663034376161
62336565366330633139343864333865363536396637646435366134643830646265396337643864
66626232373031613862336535313839663730353433653033303165343530623135633263393132
34663264386333656462353033646366356131356435623139646264326162333636626130356231
62613835636130363835663563653838393266366335383939313166313131313432323939643435
30386234333239363533663830313932633366303161363631386433323164353931393361333362
31323662383039626438383937393362656236663765666432366665373336383636623138303637
35626237303339656363653333363931373736363963653635363430663831643937303434306263
32626166356561616663653063316633323762353033653638643335366633316662633936653964
32616337323731653663616661396137313434646263346536396463306234353861343030353535
34346561366137306235376661313030616337653761363832623133653135353935663537663439
31393065646162363265633436373038623634646530393335396164326437306337656538653030
66666637386266613566326430356565366635666365356463386361643765363431626639396531
31353637383765633033646531636231633133666263616362303337363066656663353231656133
63626137383966623161653730316635313565363763346161303339316631383735366631353834
61373338363362636536383838363831646135336235353833316632613139373830663466346630
62613739636537316434396365653238363533316661643064646532336435666666653432363736
61656532323466316234383838616238373039306536326562626431323436383734376639333933
63623464343332353131613939313932616334386633353665336531616133616139333466613535
66336566323133373337623464303734636138356634396563346336323233613235383434346631
30316361363063343466303734656133626262633037303031333836333935373438653263623161
33666564663066653064643731666435353265396662326435326562666435366161633365393865
64656337633036363231333232363137623037396331306364663764343962323639343361306130
37336238636661356435373062366539616536643737366635383339393239313139656564393234
31626337373931366262343133383465653762333833613634316531326365346363623663346335
39616661353539653563633435393666313464653366653262333037356634623161626464323962
65663339653964623966313939623430346636386334373933383639653830623130643765323333
62343861346334626633633361666134366561363539646334653034613164656432366135323431
37623639316566356338393230613364353335336362316265656232316161646134313361386333
32633233666363626365393032373731363365323932366338363437363064613262346163653439
66353830303465376236353032396161643961636330386131333761316135303239363937326262
35363764616233313537623763623566653361626337656266346261396436663232663437646237
61333931396534313263623738393462323839663032396136626364323736656437346234636163
65663566346362366563306434303563396261323863663866343530633366393335656464393135
38386661333230303339646235333962643539346363623436646435373232356530616136633365
34633539316131303865363263333330636233386437313964356636393933303163653937323539
37663965323339356462386230663764396663306563356432613738643936376564323764366333
65663166353063393338323133613765373832306331306532316262306365313261386562316262
66323761373262346161393961336331643438623563393266633539626436643530366134623437
35393139663061383237343135666561633662303339383537613936626330393066343565653835
38366562643866366461353233613434663566656536316137306234393332616436303231336362
31393939396663353138663831393638396635333264353738613836353761393635333439363734
62653931636530316264666534393234326533663137333865613130313436353164636462616131
30386339366632633265653630336264383731363232646664663231333162303465373837326135
61313439303132663735393564333635323138626535393830373066396363323763306261626466
34623765643061396636636333626630323430656465346639626233326363323237646663356263
39663933343235366430383738653933316231363839313462376565343038313539616561383561
36393963623762626332373339376264326563376565613061336264633039396634303163656662
62356262393965636331386364653263636635616462646236613234613930646231616535373039
36653738656131643266303338613866316131326434326437393934353264616634633165636436
32626439646631373933353238353330393334353632336139393466363539613631396366643766
34303961333162373635393432646332623462346231663736656361653532323333346633396637
64656565646634663932393066366638646461303663323034383133656465643430623961323166
63373435623230666561313564386263366434303466383537366338323262653862656537613631
38313630356165326134393938653630323934396266383031643230353135393365366231356338
31663136373665303366336437633231346338333535623765303535346530626136333239643839
37396664323264646637383534353139363134366463356265373539636361343630663562643161
61356264626662353632663331343632626535313264653765653134653637663630353833313535
37343830326262386530646238666266646231643534656639393835313336383630333431303061
33353030393438656564366638373565363934613037393662646536336133633663616565663763
32383165646364373164626639613035333835396162663664313334343736313061363638353766
36633735393132323263383530303537636163383131636433626166383539383635653065636461
33623461653832393266613639306663623939373838376561326632613565623164313461396436
32656639386133316166383766376639306566393237336431613038613135366633656536616130
37353538616139373435393930623464303937613739393939303836303265633965643239393735
65613739376137376530386261363631326331356431613737363538326533623239316266316363
35316536346366653835326361326335396639313266313534653161336135386139323533373138
34306262626661643038363133666562313837636463376139653332343637393634653164386562
35633839666134636663643762666432316662376531623466626233333264333836303366636337
35663062646437343066663335343566363438663932373666363466633166356433356338386131
39323436346166366466663266633732663437396262393230323238346234373934356566366562
32363230633731303435373064363665656262333562633762306338346234636639336263303938
36626162626535363861373438626435616166303363643233623532353032313234623439376262
38326438386161313361346635383239366130656133343939396134353164653332663463373231
39626432666162613634366663313438346339623161396431346133653565363835303665356366
61376631346534663061373464313334383430346139326230633332353837336436343338393866
32613339633561613763353966393736346431326433636136643538326232363734346135373562
66373765666337613865336536386237313564636666643334343461363534336465303732363663
65663238373938323439326436633031396432303730353332316262343031306630303539643531
38383937393630313430636132326338393833313237633039356162386561343334306136646166
31356566353032323739613430663363343038333764343836346465643832303734393635363239
63623637663465386161383963396134636531656465396139623536303666303962356264326238
62633263313130616438656132353966353439323861303830623062373935623630336161666662
35323939383634366264353031353131393265643764656239313638356464306533363735373635
63363639393538633130633531633836313964386136663963306233333634366234353833626532
32386236363164623163653864366464326235363536363764363562396165316338393335376264
36356431343263333164383637633335396463373132303061376364613962366563333530613865
30333361396439643931353039303938303732323837323363623063326131643737623465386439
37346633333638336532333562383262316565376263626332616464333033306164386462316237
66336266613662626265363536646263363866346430323665396265643063633833613566333361
65613339363834643065376435343261373066643839386635366238316236316161313564336131
34336639313530626331386133306531393736303636643136363731643565653131643263336432
34633237666161663963653130323136636564333934313263646236393732363036643730633564
63376138323439393638396438313266363132616132316561386134323939613431646236333634
64346535626161353262653631333532366234643966343836653634633434663339383638383036
38616266663739343234356666303933396161663931396631646466303266363434623930386564
30323763383139613032376161346265316237376161373132666532303461623765383732626266
66353761343564663632616139633737393261386462363163323462666235616361393434333432
38333031636165343361353033326137346463643064316561326533643331343663326137386634
66613231303666613436336235623335373962303336636431343566356563656635616662336230
30363265646362646637613235326537633937306334303934653039373531343036373233393638
32383864393966363465333462616163613039353139303564623764633466633939623532313063
35653237303130643265616236653561336539613363646461323732643735666133623835623332
63323965323833313737623131383939653834376633653234623463653333393665316631666562
30363734303336373336323133653133336136663334666336633530303636366562353766656661
34666439313430656237616137303034393236383933336639303862616538336334616562363533
31333439393963326437323735666639643332613434313362613638396563336431666531373932
39643565373933333133353966643134376662616366313930383234326161313862636139336164
35313362323430306238623537623434323061336438333938636134383131353463643236636533
62396161613436636238316566373233326262656662363936353139353365666662376639326531
31376638343636373264373663663731633530646231343464663330646636346133373561393539
39313434366638623066663363633731383563313334303233636162373065336238613236343536
39653939643036663138383036646666353839306631623066316233393834363130366238623931
31393339633532353238393065653133666531323430616264386538666563373637643163653836
62386163346637656663616132623863613138666539353964643662393536366331393461323765
61643666363061626264343062653466333165316562633537653034376530333634613831613264
30373139333033336133383337333239366662646635343865323233343034303636613233393637
61643234626434383832386363306266313565313561316637326163343638613837353232313262
66613163393962316532613134353264336166323331646433306239343030356463666663353161
36626237376265313334656530653535653337613861656361313131343431393965383965333233
32376239353362623636356136363137353537623137346530663136316361666236323266663864
37353166346233623333613962316536663230666533393561333465356631656466633739303839
65313262363236323735376361316637613038376531316637646261313537356637316138393466
34363562313538643730313761643330663732626636313964633934653036313834346664636135
65373233373963343939383764653930666565633830373862343530316533323362386634616536
63363432356535656262663436306230313937323932373263613030646339363335303532633765
38356561373563373235356362663338363335666463646430383161653932666661343539643135
35626363643433666162313363626333656535373833323833653463373632373338626237336132
65383164366431306437333961323462323865623030653234386165633338613761336136653134
34373463643663356135326331376463356135393566613738383139653337366161666366346631
61343534646566346332643034653866326439343162666564353361653337656434636236393833
63366330623366346130303461636335356630303861666264353462373561366535336361633731
62616633663261363334303535383364386238373833373237653833643039646135653862346637
63643139303333313262333631346133636362323931313634613365643439383633303462353231
36326131303335646134666364633534623330366465626361663865626134653733333933623066
30356537373037666430656233613734386264346534623566613734633834323232303130323436
64316532393863653363363734663338363237373564633861306637303466646337623665346335
33653534343266613434383532323865376239316638396666616563333132383233663539393935
39343365356266383532666266656434336435396564346563653033306665313066383433363461
65366439636233646436353237386239643264386365313230646236373432623662383164313930
37323436623232373536323264386362633538653530363766396538323632366162396565383938
30656361346364663831653438363038343938316261633063353134316165336130326666376565
64336235623435666538663237666161656133646330623237343931386435323733663039653435
38333366643031393330303739633566653066386461363530353232633363343134653839636538
33636333616530376561373961363431336361616463393737313738636331306137323966633531
34653561616366653063343966393239626566393332393764623965623837383839616262323332
39376661653834353163613866396665613530323265303466313233346138376164376366626561
35663133666136363931373431363062303839616333396265313563376137626132383532396230
65616530643231656132663734643634303937303535343761323532396234333334636337616263
31636136646562393061363763643332373731303037313065356466663637313530626662333937
64313135383832643430663933623634326462666265666365316239656630383864356364326261
32666163373162396631336236376132396161376361626662386432373961643438323430373066
37653934393061383166366435366237376131393230366133663237636232613965346636326264
34396465313835646532326439373034373936616637616465303261626564306664383466623063
63646532653063633935353736393730303065626563376530663265303930363934396365353462
30306433376434613238376631366165346465326437646635653162363530363164623338623363
61623265616432656562373464353435343539313563373735373565393438356432316564363833
63346532343761623364323434303761646362333463623961323832373435323536626464663831
32353962646633343664363934323637643539326464636637306161303065633266613564363638
39666632313966376530353733636232626437326136303833323037633231623034626135663633
38363733643265303239306462393166653130363166343036306630613562383231663537653530
34323530303630316465346339616134666538306632326363623237346234353035343064613538
31366663616136336533643132363730383935386235373938636630383137373739343330333636
36316464383232663563393336313663386336383162366635336462333032343039623939623364
34393135303563326331393633663438653864643535336138306434633631323065303566376630
34646166396564653661646631393433393430336162373764383731346638393238376361326534
37313837343535633262386339633632653836653766373837303934616437353338356166623036
36613139663133643732393738373736373334393931653130373232653835623032663635303631
38613239356639653034653866323961643636333237633132663633653830383537633933386363
32643036326431623835663036336135633832626434633662396661323031393031353932373536
65383563306162623133306230366462303964306234396662353165646562363364643039613564
36636338353032353830333936343966613462373635343064633832646437636366376138333462
38333636653336653938313132626636333134363532386536383638363330303262373436303835
34643935373034333130323539616665666666613339396135343337303834343531626639393931
34666662333634396564333564336362343830323833316331653435623231316336626664313033
34326231383732343162323637643032393633373661396438343531303764383031666238313931
65396638653161303832663731343861656636623633306635363063386434353634383666663138
65643436393862613566616165653838393635366364323738626564346235656236633630633561
31343362323234633663383339666564356537393363363234646334636132643637356661303965
66353835633737303065626565333664646633666461343739323636633263353733356138386630
31373765303565386632643562613261396231373931316331633332336636633563373039616539
65303636643532386363303535316666363931333164306461383430623033313061633766343634
37393337613365393130666339633236346639663966353764333534613836626565313136613263
34303465336635613939333131643063313535336564666536323437313561373762346161656530
37363962303731346462623034313062643365626262323962303662376561353434346163633636
31623331356634393965373230303539663533333461346563353963613161643133643937363431
61306238616461626666656334303130316335383033346436303232636166643964353361613265
33356532326338306337643961633331393161316237346635626436623838323261353265313262
33313839333639623838666336663366316330316630613761303638373935323065643031366235
38343536616132653338653166386333393537386430363966356461626338623238333233643730
64353265653430666666643634313666663665386366346637323963613764376239393133383062
35613233393836363937343434633861353335346161353838323731366535316139393831376238
63353835646237616336613935663337313862646263643438383732316131643831363964626331
63303032336138383564396563666464646463313738616131633363326266666363643335616164
66623135346139343839623236613032336231346132373037386538666332393363353662633432
61653537346563616461643230633730333738373737633636636133356437393865363065313831
63393261386562623333643061393335373763373562373032386362313338303839303031303165
62653966336438626230343830623539353539323730666435333566336433313530643865656530
34623733383062393230373166663431663430663365313732396433326136316437363461656563
37363434623930613966643965366261363334616131306237383162393331343965363633316432
36623639326665356230383464343636316434653162363166363430316233366165353237343762
34613236323434393833306238353662303637303035653635383961643661613633666565623339
66306435333364313036353466303034663938366463303636386131363033353333353734346237
65316565646136323035653131643132346163333762643863373262356439333966393235336433
36363866303234393631626236653533396437393266633136333833633935613065313364313731
63663366343761333865373436663262616333376461343065333031646365616539656133313466
36613237313866656363353438613061376331306132626561316162396638656163333737643963
65333237326635316662623136396230626637666639306336623533343439396638643530343231
30666338356363326132643563366565313533646636366365656236313734636535323336313266
37353431306234656337373961383332363863343837396336353463396364656232323136363239
33333137646164343339303232326231663531376237633437363639373938333432386465376134
33646366386465336335373463353236646264393861386462396431623034636237353639623538
32356135306365336130613331616538343235373562383430386561656161616335656639396330
65333932396131366634353738386232356534323836343363636632373263366166373930316166
61373234373733643934623933386366303835316366643361643635303133323731643861343935
31613862383662663636336430636332613434316433316230363663613062393234356438303831
61356164616632326136303233643037653266313535303434346464363836666166373561383539
36633536316234346361346364636264343938623638386565616432343935623933643565306238
66386530666436346163306362363364306235333738643966323939623131326434326465393931
31633364316664333764316466653437643537393532653330323736323066326463383032306338
63383732623932613063396461303232373762653131353736373134663730663963643563353232
33396438613736303932646465666636626461613038386439393437663738323234303738363266
64663737383835343034396333373164353063653633393336633934666231343562653130653936
62326366353030663436383766336631646631336333366463353764616433643934386432386235
65643636313765356166363963626636633835626433366539336230396163666332373634306265
62356233646430386262366563613639303666643761323936386164666435313336646139666164
38353830626666316535663661663766313530306434323738613036343132346164616165323662
35386138373961613164326565663937373666316337306363386566353238383733313461666164
31393564626363633633336139333432316237663066623338613836623065313533313534663532
39633132376336383337373763633163313765366133333432363130346138666436633433333863
39336330346465613833326265653863376165336535633239393036353566663162643532373863
30306537323739313237323365323561363532646664366636623435376465393934343766316365
32643937623633623838356239313033353164373665663731616531663961643232633661636436
36353464306666323865383333633435633930366266316136363535316234656134373066356661
33366531636237663630366164303132346166663838636562663163373666326631613734663933
30353062326537393531323637303865353166373866373066653664316363653238313236316465
64323664383037353162656231383639646162383337316466376639666264303165643262363762
36386137653962323161323531393462373036616533383238346238646566343365363263303537
62383562356463306133626530646565613366376630333861316461306236623037316330376665
31393766613162646330623032363632633938613264643831616262316134313436343738613335
65306235623533373865663037323938333765616336383936643035346466643532373766663935
37383564313732346665343562353565306136316134363963396130653432333939663066333333
61396335316636363432356436666635363533663031653163393465323563613631313330343635
31663665373265343130653032636165343664376534376330396532663335313733353536646531
35356330666435393662643063353931353733613261643962303930633537353966393361313432
61326334346133623663356631326566393937626664646161366235626635656339303262656533
33316562653462626163643237353662646630323035623265626539313637623763633961653461
36663164616637666233383065366530336239303661383938346134356661373237356466336536
63323731383665666432333339666334316239623631633462656236656465353661346338376661
62376238363663656263393731393366633530623533363762613430356232353639663435323333
30393632386535323361316263343633616431633264663765303337653530663832383533323038
36323434343839643138353563303530386364386564613632613666303536626664623066653137
62383835323136313261386666623931366261646465636130613630356439323132356462613436
62656134663834393162323739373039326436623937343162353164613037313763663761366534
33343262636361623234356339633634643038353432373239663062616431323762653738353533
33353061323436633166316161383933323964626636396334343730313734633932316535313665
38626336396437663938336233663537303333383863323732363561633164303335623231646261
63316338353262326134383766653231333163626166646638386462626136363661306464626537
62363564356633316564383231356663326365303233353339363735636330306136333437623033
38386334363965623537333562353533333434623563343962356234373065623735656363636264
61626339383237303737383035636335393430613037353864393464643633346461376161393562
65373762636334646162313939363261663937643463323635373437376366336137383632393137
39643738643839373933666161306531616664353038346339333336393863643466306631666233
65636532656335646665643264663936323430633466613564336363396662656632663863656334
63383538316661383162383338323732386362346435613633626639366133333832326532633066
65366335346538356131323938623434663566663136336637616261663130646538616237613762
63336137613732633564636161303932633131623966643937616334333030373339396333613531
31326437323165313630396636303838666232366432613435663033366338356631323663396431
33356338336630636261396535633935656530626663346336323535366466636532616265336338
61663130393531356537616435613434346132633463336238353139633434633034303135646639
34316437666565666436346534653866323431633537393263653738323832393730653461346536
30636264653136376563646165363334663236623337656236613232303231396638653465626235
37656137386364383534623033396665633536333538386666666633366363656161386465623434
62383562306262646138613665383866326332386662303661303736346231303561386563306462
32626532333334653633663539373530313339653566303530313362613830346136323864633437
62323736333631306531643234663462336237373237633239323735653863326635343061363239
61366139393862383266653762356331666336626465346637313637613335636161313264666633
63356461643262643539353565326462346331343534363432306535386435323037653963376265
37323065663365616535313837393933613937346366666330353230636632366139393363323532
38316264373932633533313535393232643535333035316538376539646438383335646239353736
31373066663733373638613866306465313134636238393664633230376566303836313066323964
31623264626235353664666262323465383430353031363965636266393530653462663937313531
64316330316162306333656633653064383839336262396635313538363664333363646266383163
66633561316135383663646664653664373939346433663533396363656162663738656339333135
38366431646339353761326562626464323130626137303438316666393233363939653232363766
65323136643433306533663565666136383436646135626434656365393463353765313339373864
39323935316533666237613337343235376337383762353832363130366333303733646533373466
66376135613732613535316464643361353737383363346332326635656264336331326261333661
39343931363433363139613833373637376665623934656331326263653763643030323663356463
31663830363666643432386638306361656362346636303534373230616133626631663033623734
34366130376130363535313264343330353461616333373466613538613839656537346163613335
39376464376562623262396362323761393735336566646332346464376330613135346138323065
32666535386236656262653735313564303734626131333936663433613863663132663232316336
34343236636462373736303732323233626332393065333935363930633265656264303438376166
65383030353566386236613338353831363465663036656563613830333036303165613761643038
32626161343232343237363663626132376237373536363338353839353939306235383739613466
36323961663234393132623963643230363461343063346536626330663239393534643337356537
36393463313739353539323033303963666566343431393563663936616338653464323562393430
34303337386638623964366635626266346431613835326333616563663036376633373831663336
63636461393762333938386665333134336537386562386533623562313330383538383333623430
35363066313033663930653431653933313161396538666633303435633435393362386562623932
30333161376131333037363739326132356632373538383465663032306164653061306163326433
61616533633932633761633636333238306464346230616534363032626562383164386333313436
31383666373032363939653332323065393566323836323432613835313136336663306631363839
30326531646637326434376162666461363361343430313732386164323261363837316235393934
32623437373632303466646661626531326336306461386565366563363962316238366462333137
34353161643231376365643230366237613735333861663734313735343032333666663139353435
30663661636366663130623430656137346236336462383539323739643531646335663766663039
62663334653564343834643838336331643462306366313532373032316432313638303234646566
34363132633032646165613238613039386662356534393764613661336431646530306564633663
65633361313631653937663363333236333561623639636434663033633435383730363234393630
34613661363930346237643831326161363938376232656662393039653938613431363034633830
64376239353532666537643739326337393661353939663230663630313033343664343639393531
66323336356331323838323537363033386632383532323133353934353234306139616634303734
65643561653633303266383561316433626163653761623364356263313336313464336636663362
34393138316330303139353762343436353562326432383636653864613634623437303536643865
65313533336336343337333337393039393763393835386566666165616331343039383165633436
65343337643761313861306466386433373534336533303531626538393435323762333237653430
65366365386162633939343933396432633935313965303032616636626365393734653131643666
34643639666136626434646564323834303332346363386434303031353165633630303339666534
65626662636163316362366461316431333763303564323662636264353831313633353765306137
32663963343935373364316463333564653563313935383338646531316231396166343966313262
62376432363061343630333533313137636661646163666366666130633563383736333136313237
32386634323435636234353335366538386638303761313839653835393739653631393931303863
31313137363230306537643630616231623466313566343931343830626430346131343864313662
34643734316233626630373834666562303331396132623933386538633835323930653464663933
62386537626634626237323031646165643039386436313536303964393437313564633731383133
37383535663264306231373534626233313464643035623664636131646663323533326261663931
36333961633930653764663961396534646334353665666238376666663631633163386239376263
33623262623161653664353164343637303031373265383163313864376235326165646239336665
66383432383732353133636230623637366433386135663563393132313733356461316563373032
65656166323831363063613931333033393438363132376336343266303231613833316437386162
31393766343539313232656635376137633633613262373563383532343739616166363432343665
65626537656663303563663634393234323464623935653066666233363130306564626363393564
36353732393831613938393335653933663838633331323638386635343639376364346638636232
37623736613861656264373363663635326564663266373339316533373264623466336162313666
36356661653238326262653462353439336465653861646338633932653637393930643831323065
30333331393062376430643264343032383462656265303964633233356632373336633831333331
63326361643833373433666134386538316434343832326137346139363063343037336433386237
37653939646662366237636439366636356636376433356538663537646264636239633162313934
66343562653361666664623537356334613937366439383562343138343365623534386662623139
64616135303131333538613431336638303338346633313233323263363539303563386364393937
31636464303332353766626434323539643264633661316563666364373531666632383866373232
37353861373163313330653363333462633865353038663138373166656564343965316438363633
39323338643236356465626366666331653063306661396632303131333164366363303030636137
32386264356136386631363833343164353830656564656266633233633931633237623934623730
64623837386664383363386230383833353935376463366435333435343530646464373336333732
32303930643538633762353738333433303766376238653562336261393332613438333036376532
65373131626630626230313461663638346233353132313830636232663464303630343463383561
31353366613334323862323966623731623139643935383162343935353034663830353462616638
32373739373734383866333434623538623463343362633762396537303263613337663461323430
32333332386232336539386137616233666132343765306663366666653938646539336463313638
64356530343638363933316166376238626561633563623736303238393835376437336532646132
62333138386436643462326430336563333335326333653736326439366661653936373033313662
35306136616636383031366564646137633036313035363435393736313366643931313237333638
39653732323061663639643933363836363134393161643864653538346430653633633466303562
62363063636233653730393130633035626434623466663862643362663733303932373964323566
33326436356561633039396238643836346132313031613864363331626130346535366333666330
30393432323036633731376435313238336330386333633631323561633731303465386464616336
35613234373766373866633531303937363964363338303137316330313033663366393561323939
62393135313231633164626231636464346166356264643138353462636338643735663664623630
31323965356564353734393163653461316466623434346665393831363434366564316362333238
31336165333439343435363966323533373464643030666636346133323833356132336666326361
34303931346135643131646163376638333961363534343537376166643264613632326439343164
31363161653130333366666132383162373233326633313933363063623337343336336539353237
66386637353031633539333534363064376532363965393066353461303162373131646265373832
39623163666430623339373337376238383039613134396562663865336466613232363833643263
66393937336531616232653737633232353731353938643563383863383264323961396535653836
62363030356631373361613234336562663864623738623934346236636362363332616164373666
32643537366432313034653564303532396136663063323961326564613939663264336539383165
62353964333264323766376336353464633635663962653462303166326666663436666231386566
30396464303165633964333332366463616464336366386632333831306530643539636563653636
66363366383663333264326165643761383030393133396564663831343536353162633837623430
64313464393264373662613832633035613735613431396537396565396565316163666631656539
62376366623437393862383431343435623164616666393263666230303065333935663163623930
36373934323330613836613434646530353338366665663636323739616366646465393263303961
61383365616362663836376339343064666433383537363162363534336331343363616261613538
65353836653434353934386431363464376463326434303435643136663635306231656331303363
61616561663339373435396636333136333266363162646566323461343135626130376336343364
38653037653134376430653235316532373730626266643330393333316531663633373264316132
63656336616465393331333630663262616164626137336634326566626534623662623838303235
63356264323563373430303664663263643031346131346461626361383066386434373933363638
65336138633436623530616237333666626632396631653033626230616531393533303130313235
35633664363866333762663531666465353136323839303330396362643865306132386330393639
64313630303135386666656537616430623931616234613035623863393061653162633364303932
63613065653437373232343537666636396164336532303839373036393937353865396135373863
30383461663161623531663931656633653134323737616238616535616138323430666236333363
32633130663430643233333833613163303563366662323762326361653865376462616365353536
61373833623634313263346432386632643865326431333938666363656265633262363935326437
66613039326435393932386331306431646136343234333837313466323364363436333564316364
61626435303439646364333432333766373030383831613435613364346564366337653965643362
35306132323961333335396532646162623733326662666636383738653065316261656635633935
33316331623264663039386561343631646561626561663734366535326162636231373564643136
35653430656239353236393431663836356336363236613733353638326661366261313965633661
39613135393162343435356232376163303566313631323538316536633338396664653236303864
31616538616530343331633831346638353432636432323565363135643161386137663931306138
37353333633436323735343233393966346636306663633638323138336264613164656538303631
32303132643436663735623031626332343335326161333565623835373532383162323061656533
65633561346437393935646166653731613366313530326233396632313864633033633161316262
32356266626637333062383237336536663964323930393138643339366433636161316436383332
30663739326137373539353137346335323139326236386436373239386433623761333065303434
61653466323761386134613835333433663639366338353361383839653830663261376233663838
63333934303166643337376232363332643631316635306165343864386436663763313065666663
30313166633532646630333237616233383332306530386633373732366234313162376130333063
62303762383163623365323932303064373735613932343130303461323230626263373737363264
66656464323337323666663034386333653935653038363830656562306264353662386239343134
32646630353032316534393930666561383130393066383061303666626431653831393332316530
35666130343930613965333537393636343065316530353038373339333965383135356634656532
34323637333831393933623762313861656638343063623531313934626438396136656361353261
63663536383866383435333931366137363833636665356366363031323862323563633766316135
61633734323463393333626136616666656638383564303939313762383934643331643664346165
36343731313061663937306164393435313863303736376431356365386139343137666334653963
31383831616533393831343664366234303261306434323730306232323131363037313638356539
38383335623264633137623738376230343739366664626231623863613963303265653364383538
37346363373163386164653136646630643639303033633633393631363930333135636437666334
65343765646561643464653237313166393931333132613135303833323066336234353030643061
32383735373663393432386264633830653865333636643538366539356664303235643838313939
32336665383436353664623961386264626563303465386162343433656262393164666336353265
63303638346335393365316166316466343535616339393462363938663866393531613165373130
37643133303931383062346166613866623131636531363536613730363033643937333431343536
63616364663362383534373435666365353363613663303763666135666437636465613139363536
37616230633166313539363332613332613066353434666632393561613664336532636364383234
38306236643265336565333234616232373930626638643736396132386366633835643234623434
66373938323238636238316534373363303038393932623263613234393032623933633161396238
30313461353138646136376362373538353238386239346563636461383364633335323834666464
34666639666331386339393439336437376633656462373234656433343135373162366336656432
62316534306134666665323865646236646661643963663363666637663438363937623262633737
37383635393161373535616239393463633162343932613538376535343532613935656438353763
39303563613064303830623462653330656237303034633661366236646430333537613766656637
31336335626563353437633936303262313766623331346662613137363938666266303831366364
32636131313731306461363739356532643839333137336466616238343666316130646631333731
39616339303165383466343933376531383964393135373861363939313765653032376630343362
37353130346539333165303361663861366162303361373066633166643766656230623062623130
36623666303065316139653635363133656564623465386633376635373838326330633038623864
63353831323333383837346236623537393931636566303239653037383963343731363931663164
35663033323266623130326538646637333731326264336239653862326135643966616535316139
37626665643064313032353462333638376130383134393365626664333937333662633634643134
64343037306635386662613538656538363431353262646165333133323461373963643534636464
65383733653836636236343664303765666630623565623464313637356637636665326330356362
37623032323162323531393334353033353765636662383865313063613766633130393335663935
38303935333863636265643034663736383139316634653935316138323932313737396663656364
33396439663233333439333063343738333531343633396364646633656533313136643035666339
63366264343163363930373634643765396236346631633432323263363031353136356166333832
35333265343834386433343538303434623032613536376234666637633535646534613634633264
63303465616233376434613437376561616365303036643539306538646531376236306530346331
37366262623935373331326266666131616265356465393566353030613133623363373462393637
38636361383437356163326638643662373833656466646235393363363363643065663930343265
62633233326534386266373736396239613664313363656638353838356363646530383665663562
61623230316230323264383730636536323966313837306235363238623164666639316634303037
32396533303565386337343163316464623664666464303236666461633465643930353431323463
65303436653366303333323635383065306363626635323837333661383863363531643763633566
66383837363063633030616562326465326561336233363536313331343538393832326434386662
31316431356130313265386262306664346432393263613863653861636236373361313335623531
65643338313064316639363136623131323130373166306631623731363932386232643031353762
30623332303662383333363563663537666661333939333430666333373361656466343061613631
63366236316664306565613437613963636133666237366338393635616665636139323861383465
31373634303832356636336338326336366635353165636364356561646132326261366464636438
33656261323964633763643937353163666563633666346538663230353039316566313938383631
38653336656462613537663763323363666363373261346430613139303633643633393363313737
65393965383064613238653166613933633564373466626237623830613662336231373737343735
61626131366433316439366537643666396365363834316131616563346232373239623163323136
38396337613265616461326535343636656165666133373561336438626537346163366235306332
39333736653336663330656362383962633835396339353431336433333037633735636233363934
34323039386266373739636464643564366237323437663837376230373734363335646565316436
30633664633731393530316435383032383661366561666139393238663364663566383938653566
30383439306639313139643937366332383162326233613133333539623865326263323033643763
39663765623430383335386239323333306633313832663462323136343034653438316261363437
65636465336432646463356463613830356532623332363531616366393939636336373831613630
62613531336661643465613131346331643365336361653936356339313761363365393565653037
34646666373162643931663133623937336663363831333835656265626463666230366634373736
38623138303139616232333236666138393936633033613834616231623564633765373133613537
62383439323662316236326564316261623139313739376262366664306533396639653239383038
30646431653333373737643431333138373561633433613062666235666266653631323830383133
38663962343139666363306332643235613137363234346461393861366630396530666161343931
33626330323036616630623665303431613339323165613132323235643531353536336163313566
37373034343036653934323636616230633463386362336436383466373463353035613664303538
66623061383631653666626230373866643937323639303162303235303365653530616430663264
63396563613566616239376432366231373330303234663638336639636634633063316435336632
64343032643164636165393662643433326163353831326562653630393433656563306136613935
34373866636536373536626464343263613535336662663965373861336637383530396566326563
32626233346361666438316135396266346635356230376465666338393966383738363062303939
64343138633033623637633461316366313031383939373939373738316433383965663031613362
66633464353632633865386330326638366338626436336238623837373761396634306262336137
37313262353435306633323338373362323838666336316631623632613261666533376665313764
34653866353363323165663733646365366437306163313362643365316432383366663863363539
61623030393133323034386330383961663364343339336630666261613831343234613034623938
30636639646336313661636465353265666538396231396530333962656233346135366462303161
61393962343030336464663733306563363638356633663366366165313163636132616530363766
32303236643866623037616535393464636238656338623064643338666263323932326533366532
38373031626164613431663036653538393766303339383333336563316566326235353631646664
63316363643737396663353033643861363938646436666462396539343163613233353936653537
32663465333966323964306466366436626531656266313261333663633166323365353731346230
33373536343765306637336130346138396261313433373137393333653439333136373033376331
63343535333434306238666463306531393665313763343134643133373530356665333032373864
30626438303038396130646132393330303265383934643462636138363731376430316530323263
61343636633937623236613439306436653064623763643836303466613964653662383837303761
34636466306237656563353537616363616261353037393461353966346563363661316131363961
61646166303962346132303530626135393063633562326139386362393365623932323737613163
32313336333137316134343937656466356135376534653765373661646565393831636131366631
63616365643031386462393366313365636139363464343934346639666136666630623130333366
34633833316336666264343832623765633434646533386361643536626338626339323235613334
62666364666263656430393765396631616464386435306236656561386361373261646333646638
38393732353337323030316166336332353266623337353234333534333962346439336262646135
37373238396633373132396366396232306536643164643336306630646630323431306136353563
39326538363162376539323431376534333332356566353832353234343739636565303038656339
62333263303362653561613564356334376431646531316134373361343331623631323438656633
32326563643663666630626330666538316363306133613961316433663537306339393464323230
39306130636361646362376662626435633036636561336464323538343037646339373635346534
66313763343533633233633435326464636437626433396264303364333131656335376638643762
31356462336133366432333138656534363138653534663465623030666265633230316135376636
38343133326334326234303235373236303066323532333862313063376138643662313463346631
31376534386261633665626461306137643431613937653564666433363263623035303066643832
35373737636637383764633139636236383830353361346163393264663734353037383364313864
35363262663436666232366237633866613666316337306239633966623362356365616264373635
36316232313364346532386364353331313364353133303231393539323534366133613466306363
63323033613265633235336265343036396234646366636264303432303761383733656161323136
39343766663633316330616537373232346263663432363664616161316533333366396534623739
61653939363230316531343034363037383838383266356336663732633161626339336566373261
30393237373631633133313333623938373263396431623034616532323766366231313637626166
37623637646331323333613139613333383766343634313366616332623730303666643834356439
31656132343362653736636334646331366536376530353536626639663830656565613863363462
38636632313563326632323666656431613032626432386564386638346262663765613832653034
31336237336634333962336539643661326666623037666239623636363730636164333539636131
61333731363333653335646161643733633039316333323837346435376430386237356465353730
32343961366662373730376164346666656635343566623934396661373930626363616538626639
39306662383863346266653036396562646362663165336666663961666336313332323866336363
30616165353361623135376637306433313138383166323232366466636663626538346231333362
62656236346562326433353238353335336236663363366137613436626366663235363666393464
31336537393239353561646332383937636630393930343935663065396237393363643533343634
38343836666562383333303032656564376434386535393863633266376131316565616136646362
33313161613130363132376133653939313734626133333765646131613031396135356136376437
64313265366139653263626133383132366465633966333033663030656165343735363934613766
35343665663336616165643261386334313439376231623961346531653337333534396334313164
61643337336135313335376665643466623438333361333439376363373465643631336131363030
63636335623630393763373732386535623833636138366335353633373333376361356436386462
62383136666339623238376338366365383339646239373632333230393964393339386463323736
39343936626632633337383430336234343536633165363561663938393635663530383634613866
39633164653261366535323666333962353539303430666135356439393964313430633836383335
37343365623232653736626666323163336633303338633165366436366263353433353361666261
63303332303832666336383866656138353138306631646161646131646533633262663030393361
30323631376564623336616639613961376333333661666163626636346635646163393434303133
62306434363263666336663761613930616564303431633030313065303137353464643439623936
31393732363433633035326531393037333039303933366461666164613438336361363434613036
61373731383261333039366334343436663333323833636539383238376161653039333732343530
61666232623539306530393764343237313134323438646466623537306531376239363262636363
33383034663434363434373161393265363637613164303435653461663930666234616136343130
61326239363836323165636336383766623663643937643865646237353933633534303034343166
38376165623037383938373636623530393733333866326532303732663332656666306533373862
33356631306662626632386238316566623063376466323035356634326338303931323036303962
36383764313134656365343833653834663136376663653261366165636433343735393137383436
33363230303066626465626236623165633562613735623937366663363537343962363838623834
61316530303936636263663466303862373336323335616466383633326564626132653431393063
31393462343062613837376661373634323638633033333730663065356636373039316437333136
37626333613132643637386133306231393232613237666437336538306663356331316564396433
65393935323438613839303536616264323337346163343366373333366236353264623739396332
36366433373235303735363665633235623162333738316165356663306137663034646636343337
63633061366364373133323535613532646135323539376636303730656333346663326536326639
30656538643637393735323462633239633038633939323439636333656138313039306234303366
66316464653333333233326438613563306163366235336132626664633364643734343532653261
66653233323265343337323735353036656533663534666664396434343565646235313161616631
32666265633061633566363661353365653839663163323230373261383230643766643339323937
61616437306562343834336231653537323036346564653539623561383530336138363130656236
63316634346562613562333162643831353039303739323064643832346331363036616162313834
34376633613737653562366437336632343435366562373133666336653064616666306439663033
65353963376331356638633461356336663337303361623666663832393161393737346439663134
39333662306639383438633765323736373562383064356535393665383064656431333932353535
65323533343864646637366239613738313035383362336666646263613964653735373666366334
34383562383362333031626663646633323339646536343036363063333262646633663038336566
62313030303361303161306439366665666637663232373533333232336334313164356131366532
65633261613166666566316333653937303333383534393664306338393764356665353362633462
38633034643538653631356161643735303733656362653732666437663061333636393938646365
32646231323636636530613836666234363038326164383430383161643662323837363833386239
38323931663465393638643762363030356364373563373236336664386533613639636430383363
37616264353135303833356434333336346530323763386438656263356230613930623666383466
34383033333666303761656238383836376135376532613039393964616636343735356363333961
36663135383162356361616530306638366661336630366162623666363232643934373230656163
32666663323862303662363333623239623566623331613935383030336338373239346430633365
65316264646263306633666635393236653363383739623638363935343434326434313364393137
34393433653135356161376335306330643762623462396362343931393932366232653633343735
61393037356565346234
