$ANSIBLE_VAULT;1.1;AES256
35313138323430306534356136663939663366616234383636653735303536613438666134343436
6136613434376437616161653236333262303761316166350a306135653834343937343436323433
38646561633135366564343630626632616232343430633263383162663633333862363332616265
6163383662623261380a356239363362306363386631356666316533363338373766383239396337
38363036303136343862373364376365663431356637333339343361376464653432633534303130
36393033346536646330656261643534373561353263373434303638383663373838303933383331
32393962656332633734613837353061663135343132356432643433666439626439633733623639
30383665356237633965343966346133616535313937303436346132643833626265323366303130
63346239383731656466653562323832636139303731343734393235663735366365303830363966
38303434393337343761373932613231363830336138393665643163333633356563633630393065
30313136366537303133663264353935323434353130336130613066353631323264616431366530
61663062653863363161363039353262393264636562623937363632316564373832653166616565
35313838333864663464363661363165383464376538646462383864323932396362343065363765
66616565616434636133313437626162656335393634626235336665383866356635653466383035
63323238316638663966316331303864353736386533333065333337653539373336383838326234
30663633346134303136326532303233393365383136633937303034636361653437336265343766
32663132356538366438663365313339343438626136623338356330316166393033333936613462
33323161616338626564393030393831303239656630386530326266626466326332643134333265
66626463333936643964623931363639396166666365623431323861393335366232643934376164
38653263643633623833313562333366366566326230643336316665356431636533363364376233
66656333353063383237643766323761313630363565383163613136343065643935656364343638
39306165343833623234323639333638386561343662393061646230393530333333353835323862
66373130396637366539386161316430336330366365393335303930363964393665356236316366
34646366626666383039386431363062383837626566383862643437643432366264303230653339
3331
