$ANSIBLE_VAULT;1.1;AES256
38393966646430336439343431663439393465623961313461393236373231396535313632653938
3333663264396434393131306130616638313932356666370a656534666339386638643538376364
39653363646636333265323435323430326630336661373034333336396337386533346133323431
3762376331363435330a363965626131303438303935386433376234653335616631323337333462
38323330613464303239616164336238376234323737336262643630316462336564373532333135
65613237323163643030356534343236623332316333303062366461653632636137353537616231
36343439313534613362633436623738646666626431636132326365353930323562333565643439
31616331336534306535366264626536656565343162633165333634626361323432363663626166
64313061626633363434376433613232396331333639646463346564333163333664343732666161
36646462633337636537626337373264376230343639393063373534383935346661653637633031
37653439346439336363363330653934313836633537623430643034343437306338343931663736
38613665343239643338323263663264613333663261663032326534646634353539376539346636
64353832623039656264653966666538623936643130333537623834363433653034386162366165
63636162663130363464383536643664313539373833396461663531333266623234323265303530
30663866306232303834326338623866313862393034636136303764396163393239386366373830
36303963333963303236333061333437633766353736633134326638313764396238633233393831
39613833333962613730383432386265353838316362636433643265323938316234653962636431
63323562633332323837343733663030326663666331653730323631373832316361323634633932
64643532386638316330646233643335333736643261306364323033343334656630323363346265
62633861616637613539303264623033353739303462323766663534303639643331316663366231
39613764653264343233326537633566633461636537336266326533343839643939646138393231
38386237616164316631356138666430666639396166366265383533373935313266386535306333
35613265336136613236323630303765383832323933343832663930393737646537326137393732
65333138346135613139653561393364383732303966373930663138383238343935323566356636
64623364343837633361313531653362353262313335393934333335366533316362343965666139
39383165383937646163306439643639363961383464326164316533373533313736653831376536
61396337326665666432353934653064393339303339323534353930313436623965303734656238
34346435386132356230336230653832616236666263616332653135346438316536306263653634
63613236626164653237323139613339636439626432336366633437633565386332663434343863
64336333343031343165613963366566333466666262326436386635316365613165343663646565
32336536343038353238353138613765633964666139343865613064386336353866373862663264
32613934386166323131363464623665623035326337323965376564663239643062393130643437
39363566643964396362343262326535326331613064376164336531656266623537336366363231
61383030393130633237656165313865343666633061363634653461393730353432646234356536
36303461356538626335653536383739613962346664313538346334626662326563336632353037
65616363313764343565373237616137623836343139663962636338383530353738313337376236
66333438653561656232623464363732323837373434653236343737376364356661386261613333
61343362333064663762663439343833383461323034323239303838376535323938663230623264
31383564333934383264353131366630336563363839663966666538363833333134653134323235
33383434353064646436316661303832376132643863636562353334366230376165326164656266
38303630656534386535613038386235346363373833336266396462613063343338333838333466
35626438393764626231383633626665656263393361643364363132376164336335383064633239
30643666376265633262333331333566326363303431633062333431646636373333363932343937
64646535323932363065653664336632303639353832333532346132303932363862376235323564
30663761356462333536653564393661353161373331313939623762663330376330336263356438
33316131313162633861363165636530376430323536366139333930626439623563643765653864
38646538656637313031356266313737623335396335383731343163353661626133393030333762
65376639613532336239363833346335396466343935653034646235353938326165346335643566
61346362316139616232646637363732666533303362633965336333636239303831663831626434
63623963343331663264343138633030613230393465383631306139643835336435643964663637
61373165613064363166366236316636636236353431626638363466616538616138313839636262
63646365646639316663663239363664343562666238333831383133333762303965653430613732
32376532613861396364653935626261366566393037393536383063646337386565666530303430
36383361633137666565323637376335336339363630373134326361353664353361613861353363
63623864646365316465303161333465663635346339383466386666326635643566353666313137
64666232383133396664396664643136323031303234626132313664333365376335663535623434
38366664353231396138633865306438623932356631346334326431326430623065346463643833
39366664326166633330343033623464313963613437646631663436633530366265313238386136
31383330623239373935396266613632323665323638656663653831383235313464346462366430
37323264383165313238326334393032333433653835623031386131646463333161333338666561
34616663353265663362366561343861636263373263613034303335636366633364353137343934
61313632386531313566666334343537383939333431363166323039393462303866326662653162
34316535663762356263336335383734653961353031663565396131623064626332636365656238
61663164663761613866316339613562633338376461666464333338303065303434363461393534
37383538343665643361646137663963366638346334306564616631396333346564626362666131
65613565396534343630613034623964336437323838383861333735623632623932393662643865
65663966653531643935623733306661303837373037326435663462396130636430633365313065
31623264303031323935363336383661393463353964663336636432353062353365613961323936
35383336373865656664386132613732663339383564616137636636353133356662366464626635
35653139643865376331363834646335356661643733386331656337323064643536373931316263
32653662623864613238393433613265323632356234336434623536386439613735623233653936
33396136363763643364393133643763303637636362386138646666386661383664663434663966
30326563353039363530623939643331366330623638626639393264613135616362623236613761
31623030613731336463663135386534313333363338313932333139363161623564663335616462
66303231373733303762303663336132383435623437316532386135653365363263336663643634
63316338336566633339306234386332656131336531326661353564353632346363616563646166
37316163333631333361356137646633346262653662383663313035306631306665353339656238
37623330316638656534303263623364313739613238303061373463663734643535613865363866
66366135636535643561613138663238343361326632646666376361343136613237353066333934
32653461626438376339636261626635393032623239666236663235363136363533303962363633
66326531323235653538633664306438343039646132653339336535633162656262376561303661
64666439666438366436383739383961643036613865326138393861396532636564623666396464
39353463626134323631386264366564396163333664353063363965303438393938316630376237
62346361386263633863656261396532623263333266373531373935386338613133323337363733
32346662313738613063656665303034613133356438366364336361656661653434306134613836
39633266313436323663396331333862616533353031363537373934393033353466353934373565
35396162383164643435356463616538643162353638656630383533303839623431363265613839
39303137323561663937626163353832316532663130326533363536646461373033666266393336
64386631363564383735656363306334663862633332326365303532323437373334323838383261
36323162353562313837386530666363636430626239373966303034303139613266316661326666
33306366303239646139666263346462616137323130343964386637613139373536653130303538
36343663316232363365623663613031643536343438646330316337373832376366656631333463
64373036343838666139646165343230396365366237306134663236396564356534666463383064
65303164393766333838346237323234363965636166643333343936666434613137393461306563
64316238643965316631653766656631653931383136326266326334366532313331326563396566
31616265326462363036666562366536326333323466613432613738356631653866393633303132
32656665656163666534303937336236366634323337393938373661313563393432623966333531
38316332323539353132326536646534303332356430343434363238623833366331393536333233
63383335643633306565383061306131373761623236656665376538396363313938623265383532
66656536313737333564626639373235356235666133333237363564363833396537373930316130
32393630326239633762333938386235303134633061313237396231643138373265383538323965
31366238393663643864396366306366636463376536363763313862616432653664343561656538
31623234376165616264663663633765323261393165396638626566393633393265616664353865
62613162646335376632373530323736383365663063666136613933373665313764656364353232
38616336653538336334326136643337323936646131383137353833363534386236666661383133
36623133383162333038643961303962333638343038626536646531663637656565336634656566
30653639663063353630663033383233316135313265333465333430366661383563326239323437
39366265613537393438353033396363646137343166633662663230613462393738343630373739
30626435353663396335633963396637343939323231326666373539643865326636376366613761
30363734653332356163343839613438393335653834396462623333376433366535313866326437
38323036653566366134353235396338643937316265376234306465316431656639333037666561
37333965363864346538353735343962346530653836633962653063656133353636356433306362
30613663346263333039353030663964303631393935626364326230616534663765303736323636
66363432326334363637653539643234323731373461353162333834343533626238393035383164
65316630393039616632653664393439613637636365353933393564623563666163616133653734
61626665656138616663316231656364356639663161376234323339626438363864373833363965
62336263313565373530636531633365303034633866313934646332373764383230363738653364
61623032373333386331306334326666613966336239373938346231373664353962626462353433
66303431633766336262636538646637353431383631643330616163623630613466386265393739
35643065653433633937616264326164363432373363316334616162316461656235333833393761
36663436613638336635383935316666636233306436366266373132393166663235633736323765
37313936666637633732616133653563323534313033626265323433396233396235333732323163
36643134326564363666613635663137383665376437653932336463653934393732656431363835
38666639366437386635633938366331373537646666633465336438623265656332383163326338
64343663323837666339333462626531323866336534663862393636336664303832323039653265
37386533616531313836376132336230326133366134616639393631333837623661366361356364
30663466343237623237373237316635636365616562333861626137323563356565663763646462
39346237646233653433653834636636363637323638383733396332646636376433336437653337
36643336633731396436333361306363656363656362626436646334333966313131303664393034
38386664343837393365613865643235623166343733626633333135383836363561663935303637
39616566613538323035326631343433323633303462643039313531396365303931373539626438
32303337613465663565323331333664663738376337303261633165613030633833643631633766
39393433633965363032343966316163646139393764353633313363323431363132656265393235
33386631316536316665636432616236393734376161363339663439616164653637386334626434
36333665366439323937616533356265666435653937613230613264353866303566336337353431
66386333393530303663306532326365303261636263323531373337373735636438643933653932
37333538663736613631626432633033386136336439613130653331356165353131653362313135
36646539343638363963396334303631313365393838343431613233653964343432363364646364
66313532363937646637326532326634346331363264376238663431366365343863633762313661
36373432623932313933326639336666333562313133333538636631303634376134323330626334
62326532316634633738623263393866343432373936616465333839653935353137333564366534
31663339653633303135336531303133316239383236306438343938383632636235356436353839
62666531363531396632386137376531646638376264323131353864653139373166346236373565
35353730623565366435333035313765613931613863616163636464323964633364653739373735
66613464396138626233633061313531383864363135626535663966633235356235646237653436
36366461353333326335323436353039386262653866643031623361633763626538356433656639
39343565656237316332353361323963396363343836303332313766653061393963653433613662
32363161376531386166393333666230653239643163633136343065326230306562323461343666
39333231626537313738636161386138663633663734303033613932346463396661306130656466
31653534663932353732343061356139623531653163373861356563343734633937306466323362
62346333353137353630313264396534363863326439656165373130663161643162366564613335
62383262343662396163333765326363636664313864393133333363396264613434336234363438
64326634323938363063353931643835366335616430636335373566396635373264636137316331
66396535363564323066616136396234653336356365656537663239633034323836363835613464
66306334353839653533333431316662633333393031346638656364626262363239633733366335
34643435383561646465666163613831653163393062613565646437636633626635376564326261
37643132303830646639366561303766333930303330336162663330666134386464643636303334
66386462623439313030353331316364663834633536393331356632656631316665666164346130
39663264653262643730656331353430323763323132333939373430306663363234376233653961
62376662643466376630346162323230386562353034363564323230396165363632393835653738
39366564336437326234343937396134613865626331613362643431393866383963306534363935
65376466356336343263383631663334376134366334656365656539363433373361343132356237
63613932653463313965323461373637303535666662356664623333323435363835643639336562
65666137663835383366386564646433336266366337656161393030336265376364666633646335
31353735643261656139353930356336383937386130373861316466633666646639346662343064
3363393865336336663766326637333337646434326331613364
